45 35
1 1 1 1 1 1 1 1 1 1 1 1 1 1 1 1 0 2 2 0 1 1 1 1 1 1 1 1 1 1 1 1 1 1 1
1 1 1 1 1 1 1 1 1 1 1 1 1 1 1 0 2 0 0 2 0 1 1 1 1 1 1 1 1 1 1 1 1 1 1
1 1 1 1 1 1 1 1 1 1 1 1 1 1 0 2 2 0 0 2 2 0 1 1 1 1 1 1 1 1 1 1 1 1 1
1 1 1 1 1 1 1 1 1 1 1 1 1 0 2 2 0 6 6 0 2 2 0 1 1 1 1 1 1 1 1 1 1 1 1
1 1 1 1 1 1 1 1 1 1 1 1 0 0 2 2 0 6 8 0 2 2 0 0 1 1 1 1 1 1 1 1 1 1 1
1 1 1 1 1 1 1 1 1 1 1 1 0 5 0 2 0 8 6 0 2 0 5 0 1 1 1 1 1 1 1 1 1 1 1
1 1 1 1 1 1 1 1 1 1 1 1 0 5 5 0 2 0 0 2 0 5 5 0 1 1 1 1 1 1 1 1 1 1 1
1 1 1 1 1 1 1 1 1 1 1 1 0 5 5 5 0 2 2 0 5 5 5 0 1 1 1 1 1 1 1 1 1 1 1
1 1 1 1 1 1 1 1 1 1 1 1 0 5 5 5 5 0 0 5 5 5 5 0 1 1 1 1 1 1 1 1 1 1 1
1 1 1 1 1 1 1 1 1 0 1 1 0 5 5 5 5 0 0 5 5 5 5 0 1 1 0 1 1 1 1 1 1 1 1
1 1 1 1 1 1 1 1 1 0 1 1 0 5 5 5 5 0 0 5 5 5 5 0 1 1 0 1 1 1 1 1 1 1 1
1 1 1 1 1 1 1 1 1 0 1 1 0 5 5 5 5 0 0 5 5 5 5 0 1 1 0 1 1 1 1 1 1 1 1
1 1 1 1 1 1 1 1 1 0 1 0 5 5 5 5 5 0 0 5 5 5 5 5 0 1 0 1 1 1 1 1 1 1 1
1 1 1 1 1 1 1 1 1 0 1 0 5 5 5 5 5 0 0 5 5 5 5 5 0 1 0 1 1 1 1 1 1 1 1
1 1 1 1 1 1 1 1 1 0 0 5 5 5 5 5 5 0 0 5 5 5 5 5 5 0 0 1 1 1 1 1 1 1 1
1 1 1 1 1 1 1 1 1 0 0 5 5 5 5 0 0 0 0 0 5 5 5 5 5 0 0 1 1 1 1 1 1 1 1
1 1 1 1 1 1 1 1 1 0 5 5 5 5 5 0 5 0 0 5 0 5 5 5 5 0 0 1 1 1 1 1 1 1 1
1 1 1 1 1 1 1 1 0 5 5 5 5 5 0 5 5 0 0 5 5 0 5 5 5 5 0 1 1 1 1 1 1 1 1
1 1 1 1 1 1 1 1 0 5 5 5 5 0 5 5 0 0 0 0 5 5 0 5 5 5 5 0 1 1 1 1 1 1 1
1 1 1 1 1 1 1 1 0 5 5 5 0 5 5 5 0 0 0 0 5 5 5 0 5 5 5 0 1 1 1 1 1 1 1
1 1 1 1 1 1 1 1 0 5 5 0 5 5 5 0 2 2 2 2 0 5 5 5 0 5 5 0 1 1 1 1 1 1 1
1 1 1 1 1 1 1 1 0 5 0 5 5 5 0 0 2 0 0 2 0 0 5 5 5 0 5 0 1 1 1 1 1 1 1
1 1 1 1 1 1 1 0 5 0 5 5 5 0 6 0 2 2 2 2 0 6 0 5 5 5 0 5 0 1 1 1 1 1 1
1 1 1 1 1 1 0 5 5 5 0 5 0 0 0 0 0 0 0 0 0 0 0 0 5 0 5 5 5 0 1 1 1 1 1
1 1 1 1 1 0 5 5 5 5 5 0 0 0 0 0 0 0 0 0 0 0 0 0 0 5 5 5 5 5 0 1 1 1 1
1 1 1 1 0 5 5 5 5 5 0 2 0 0 0 0 0 0 0 0 0 0 0 0 2 0 5 5 5 5 5 0 1 1 1
1 1 1 0 5 5 5 5 5 0 2 2 0 0 0 0 0 0 0 0 0 0 0 0 2 2 0 5 5 5 5 0 0 1 1
1 1 0 0 5 5 5 5 0 2 2 2 0 0 0 0 0 0 0 0 0 0 0 0 2 2 2 0 5 5 5 0 9 0 1
1 0 9 0 5 5 5 0 2 2 2 2 0 0 0 0 0 0 0 0 0 0 0 0 2 2 2 2 0 5 5 0 9 5 0
0 5 9 0 5 5 0 2 0 2 2 2 0 0 0 0 0 0 0 0 0 0 0 0 2 2 2 0 2 0 5 0 9 5 0
0 5 9 0 5 0 2 2 0 2 2 2 0 0 0 0 0 0 0 0 0 0 0 0 2 2 2 0 2 2 0 0 9 5 0
0 5 9 0 0 2 2 2 0 2 2 2 0 0 0 0 0 0 0 0 0 0 0 0 2 2 2 0 2 2 2 0 9 5 0
0 5 9 0 2 2 2 2 0 2 2 2 0 0 0 0 0 0 0 0 0 0 0 0 2 2 2 0 2 2 2 0 9 5 0
0 5 9 0 2 2 2 2 0 2 2 2 0 0 0 0 0 0 0 0 0 0 0 0 2 2 2 0 2 2 2 0 9 5 0
0 5 9 0 2 2 2 2 0 2 2 0 0 0 2 2 2 2 2 2 2 2 0 0 0 2 2 0 2 2 2 0 9 5 0
0 5 9 0 2 2 2 2 0 0 0 0 1 1 0 0 0 0 0 0 0 0 1 1 0 0 0 2 2 2 2 0 9 5 0
0 5 9 0 2 2 2 0 1 1 1 1 1 1 1 45 44 3 3 44 45 1 1 1 1 1 1 0 2 2 2 0 9 5 0
0 5 9 0 2 2 0 1 1 1 1 1 1 1 1 45 44 44 3 44 45 1 1 1 1 1 1 1 0 2 2 0 9 5 0
0 5 9 0 2 0 1 1 1 1 1 1 1 1 1 1 45 3 44 45 1 1 1 1 1 1 1 1 1 0 2 0 9 5 0
0 5 9 0 0 1 1 1 1 1 1 1 1 1 1 1 45 44 44 45 1 1 1 1 1 1 1 1 1 1 0 0 9 5 0
0 5 9 0 1 1 1 1 1 1 1 1 1 1 1 1 1 45 45 1 1 1 1 1 1 1 1 1 1 1 1 0 9 5 0
0 5 0 1 1 1 1 1 1 1 1 1 1 1 1 1 1 1 1 1 1 1 1 1 1 1 1 1 1 1 1 1 0 5 0
0 0 1 1 1 1 1 1 1 1 1 1 1 1 1 1 1 1 1 1 1 1 1 1 1 1 1 1 1 1 1 1 1 0 0
0 1 1 1 1 1 1 1 1 1 1 1 1 1 1 1 1 1 1 1 1 1 1 1 1 1 1 1 1 1 1 1 1 1 0
0 1 1 1 1 1 1 1 1 1 1 1 1 1 1 1 1 1 1 1 1 1 1 1 1 1 1 1 1 1 1 1 1 1 0